# This file may be used to create an environment using:
# $ conda create --name <env> --file <this file>
# platform: osx-64
appnope=0.1.0=py37_0
backcall=0.1.0=py37_0
blas=1.0=mkl
bzip2=1.0.6=h1de35cc_1002
ca-certificates=2019.1.23=0
cairo=1.16.0=h9247486_1000
certifi=2019.3.9=py37_0
cycler=0.10.0=py37_0
decorator=4.4.0=py37_1
ffmpeg=4.1.1=h5c2b479_0
fontconfig=2.13.1=h1027ab8_1000
freetype=2.10.0=h24853df_0
gettext=0.19.8.1=h46ab8bc_1002
giflib=5.1.7=h01d97ff_1
glib=2.58.3=h2836805_1001
gmp=6.1.2=h0a44026_1000
gnutls=3.6.5=h53004b3_1002
graphite2=1.3.13=h2098e52_1000
harfbuzz=2.4.0=h92b87b8_0
hdf5=1.10.4=nompi_h0cbb7df_1106
icu=58.2=h0a44026_1000
intel-openmp=2019.3=199
ipython=7.4.0=py37h39e3cac_0
ipython_genutils=0.2.0=py37_0
jasper=1.900.1=h636a363_1006
jedi=0.13.3=py37_0
jpeg=9c=h1de35cc_1001
kiwisolver=1.0.1=py37h0a44026_0
lame=3.100=h1de35cc_1001
libblas=3.8.0=5_mkl
libcblas=3.8.0=5_mkl
libcxx=4.0.1=hcfea43d_1
libcxxabi=4.0.1=hcfea43d_1
libedit=3.1.20181209=hb402a30_0
libffi=3.2.1=h475c297_4
libgfortran=3.0.1=h93005f0_2
libiconv=1.15=h01d97ff_1005
liblapack=3.8.0=5_mkl
liblapacke=3.8.0=5_mkl
libpng=1.6.37=h2573ce8_0
libtiff=4.0.10=h79f4b77_1001
libwebp=1.0.2=h14d73da_2
libxml2=2.9.8=hf14e9c8_1005
matplotlib=3.0.3=py37h54f8f79_0
mkl=2019.3=199
mkl_fft=1.0.10=py37h5e564d8_0
mkl_random=1.0.2=py37h27c97d8_0
ncurses=6.1=h0a44026_1
nettle=3.4.1=h3efe00b_1002
numpy=1.16.2=py37hacdab7b_0
numpy-base=1.16.2=py37h6575580_0
opencv=4.1.0=py37h0cb0d9f_0
openh264=1.8.0=hd9629dc_1000
openssl=1.1.1b=h1de35cc_1
parso=0.4.0=py_0
pcre=8.41=h0a44026_1003
pexpect=4.7.0=py37_0
pickleshare=0.7.5=py37_0
pip=19.0.3=py37_0
pixman=0.34.0=h1de35cc_1003
prompt_toolkit=2.0.9=py37_0
ptyprocess=0.6.0=py37_0
pygments=2.3.1=py37_0
pyparsing=2.4.0=py_0
python=3.7.3=h359304d_0
python-dateutil=2.8.0=py37_0
pytz=2019.1=py_0
readline=7.0=h1de35cc_5
setuptools=41.0.0=py37_0
six=1.12.0=py37_0
sqlite=3.27.2=ha441bb4_0
tk=8.6.8=ha441bb4_0
tornado=6.0.2=py37h1de35cc_0
traitlets=4.3.2=py37_0
wcwidth=0.1.7=py37_0
wheel=0.33.1=py37_0
x264=1!152.20180806=h1de35cc_0
xz=5.2.4=h1de35cc_4
zlib=1.2.11=h1de35cc_3
